# L3 Residual Corrections from Photon+Jet Balancing
# Format: {eta_min eta_max} N pt_min pt_max correction ...
# Alpha cut: alpha < 0.3 (summing bins 1 to 5)
# MC file: PHOTONMC_output_tag.root
# Data file: PHOTONHP_output_tag.root
{0 0.261} 29 60 300 60 70 0.983793 70 80 1.04757 80 90 1.01719 90 100 1.02437 100 120 1.6448 120 140 1 140 160 1 160 200 1 200 300 1 
{0.261 0.522} 29 60 300 60 70 0.506584 70 80 1 80 90 1 90 100 0.754314 100 120 1.1827 120 140 0.653379 140 160 1.07528 160 200 1 200 300 1 
{0.522 0.783} 29 60 300 60 70 1.37601 70 80 1 80 90 0.513207 90 100 0.999706 100 120 1.125 120 140 1 140 160 1 160 200 1 200 300 1 
{0.783 1.044} 29 60 300 60 70 1.00394 70 80 1.25802 80 90 1.18415 90 100 1 100 120 1 120 140 1 140 160 1 160 200 1 200 300 0.564769 
{1.044 1.305} 29 60 300 60 70 0.805339 70 80 1 80 90 1 90 100 1 100 120 0.902567 120 140 1 140 160 1 160 200 1 200 300 1 
{1.305 1.479} 29 60 300 60 70 0.62852 70 80 1 80 90 1 90 100 1 100 120 1 120 140 1 140 160 1 160 200 1 200 300 1 
{1.479 1.653} 29 60 300 60 70 1 70 80 1.59249 80 90 1 90 100 1 100 120 1 120 140 1 140 160 1 160 200 1 200 300 1 
{1.653 1.93} 29 60 300 60 70 0.691323 70 80 1.47359 80 90 1 90 100 0.843379 100 120 1 120 140 1 140 160 1 160 200 1 200 300 1 
{1.93 2.172} 29 60 300 60 70 1.01004 70 80 1 80 90 1.10853 90 100 1 100 120 1 120 140 1 140 160 1.36301 160 200 1 200 300 1 
{2.172 2.322} 29 60 300 60 70 1 70 80 1 80 90 1.21602 90 100 1 100 120 0.654285 120 140 1 140 160 1 160 200 1 200 300 1 
{2.322 2.5} 29 60 300 60 70 1 70 80 1 80 90 1 90 100 1 100 120 1 120 140 1 140 160 1 160 200 1 200 300 1 
{2.5 2.65} 29 60 300 60 70 0.637308 70 80 1 80 90 1 90 100 1 100 120 1 120 140 1 140 160 1 160 200 1 200 300 1 
{2.65 2.853} 29 60 300 60 70 1 70 80 1 80 90 1 90 100 1 100 120 1 120 140 1 140 160 1 160 200 1 200 300 1 
{2.853 2.964} 29 60 300 60 70 1 70 80 1 80 90 1 90 100 1 100 120 1 120 140 1 140 160 1 160 200 1 200 300 1 
{2.964 3.139} 29 60 300 60 70 1 70 80 1 80 90 1 90 100 1 100 120 1 120 140 1 140 160 1 160 200 1 200 300 1 
{3.139 3.489} 29 60 300 60 70 1.47201 70 80 1 80 90 1 90 100 1 100 120 1 120 140 1 140 160 1 160 200 1 200 300 1 
{3.489 3.839} 29 60 300 60 70 1 70 80 1 80 90 1 90 100 1 100 120 1 120 140 1 140 160 1 160 200 1 200 300 1 
{3.839 5.191} 29 60 300 60 70 1 70 80 1 80 90 1 90 100 1 100 120 1 120 140 1 140 160 1 160 200 1 200 300 1 
